0
100
104
105
106
107
108
109
11
110
111
112
114
115
116
117
118
12
120
122
123
126
127
128
129
130
132
133
134
136
137
138
139
140
141
142
143
146
147
148
149
153
156
157
159
16
163
165
166
167
168
17
170
171
172
175
176
178
18
182
183
184
185
186
188
189
190
191
196
198
2
20
201
202
203
204
205
208
21
211
212
213
214
216
217
218
221
224
225
226
228
229
23
230
231
232
233
234
235
236
238
239
24
240
241
242
244
245
246
247
25
250
251
252
253
254
255
256
257
258
26
261
264
266
267
268
270
271
272
273
274
275
276
277
278
28
281
282
285
287
288
289
29
290
291
294
295
296
297
298
299
3
300
301
302
304
305
306
307
308
31
33
34
36
37
4
41
45
47
48
49
5
51
52
54
55
56
57
59
61
62
63
64
66
67
68
69
7
71
72
73
74
75
76
77
78
8
80
81
83
84
85
86
87
88
9
90
91
93
94
95
99
